-1.956041533965495072e+00
-4.994207629324912134e-03
-2.067493579692765981e-01
2.410661070489475311e+00
-2.147818547672572187e+00
-2.279825791836178617e+00
-3.229654551983437427e-01
-5.261620446024972697e-02
4.552350322494274071e-01
-1.298466059100163550e+00
1.802265263238350679e+00
-1.534222468403032336e+00
-1.027074429028120628e+00
-3.317498843528379204e-01
1.759243003916584280e+00
9.570625418801642637e-01
-1.192385823048766058e+00
1.080412229625898890e+00
-1.004439665622370637e+00
-4.483963014807125225e-01
2.294021841839238157e-02
-1.976986213817419458e+00
-5.209229630702627567e-01
2.971790974920503481e-01
-1.002339634799005591e-01
-1.057101696218430087e+00
1.797610790260977032e+00
-8.518360355012060126e-01
-7.122295141125777329e-01
1.524970775826827829e+00
-4.899002945481692461e-01
5.267245963611093540e-01
-1.464839585407712752e+00
-2.173506616578254835e+00
5.753812329794600888e-01
8.907022578398299251e-01
-1.069270861458362809e+00
3.054843744174353226e+00
2.238749942168640317e+00
2.040105343043223662e+00
1.098477958176655056e+00
9.879951739484595929e-01
7.406784263740808782e-01
1.126355896449690031e+00
8.435692002974477521e-01
-1.596654604645104891e+00
-2.213556537573538041e-01
5.485168124809847168e-01
7.011239914382942917e-01
7.061235706124042999e-02
1.119773487906992715e+00
-3.571014015511224104e-01
9.221363526089308704e-02
-1.405904633287468480e-02
-1.688035308410402058e+00
-9.072265560281354002e-01
8.154514172748866807e-01
-7.282137767302071518e-01
8.455199851444651360e-01
9.712217621490135677e-01
-1.981200235323456738e-01
1.081772243848483805e+00
4.596791462621837021e-01
-1.232333864568235349e+00
6.740435514117906202e-01
1.117720432908238637e+00
9.057128324370069539e-01
3.899000491017140524e-01
-3.081773652966234289e-01
-1.486887937779834523e+00
-5.888853907169938617e-01
-2.729597675174068594e-01
-2.137120425467460283e-01
2.072786860484841509e-01
5.955088146779936586e-01
-1.211563803609069095e-01
1.461574933800006360e+00
3.505917606494661221e-01
-1.191889499482979946e-03
3.263430749738217840e-02
5.457291538774859951e-01
6.859250902618645174e-02
-1.557545942776122239e+00
-1.195763929625645039e+00
-7.847021713264241694e-01
4.185002544073872233e-02
-6.186342562109629073e-01
-1.797103297027491609e+00
7.700381821026867080e-01
7.853995584539050223e-02
1.191684869181872886e+00
-8.835341951052464449e-01
-1.223469061317759288e-01
1.485804025118794558e-01
-1.588466990183076577e+00
-1.303814823304731141e-01
1.010941008006476904e+00
-3.195510173247146368e-01
-3.643214169294763105e-02
4.865615377387285112e-01
1.819020022379425894e-01
3.437555668990267543e-01
-2.140416803605554169e-02
1.460440681865061929e+00
1.021980237708098871e+00
-2.735980781851767296e-01
3.395482028231306959e-01
4.550992591610835691e-01
-6.470596238897935448e-01
5.513427108794342058e-01
9.228115630546781523e-01
-7.856881518769612827e-01
2.383143290034209494e-01
-1.089034795255128474e+00
-4.157058358818006005e-01
4.234991141241895019e-01
-9.760347811516754957e-02
-7.476163594723997941e-01
2.021145302187056458e+00
2.691613805952293784e-02
1.456966695880587137e+00
-1.154462384457386914e+00
-4.360628724307566983e-01
-4.131847210757909061e-01
1.327362107895672327e+00
4.426709316957115614e-02
-1.007051885961617099e+00
-1.254897372684349977e+00
3.524694700622194588e-01
-1.046133009670231484e+00
-1.906596672319255809e-02
1.296722322255782212e+00
-2.330587539088696314e+00
5.913889498413932300e-01
1.094903430447811132e-01
-2.653008280215410908e-01
8.250998433794696219e-01
1.947642186144122878e+00
6.690595052146558475e-01
-2.151561168220667231e+00
-3.440930115350293583e-02
1.197626668917938897e+00
-7.744279217971202778e-01
-3.668858132518494353e-01
1.355974716430372873e-01
9.887724077377642029e-01
-1.390201574601801715e+00
-1.106213758168595795e+00
4.642049287864585261e-01
6.739442561309227919e-01
5.038695710415684870e-01
5.959563490427640664e-01
-8.475343495875096167e-01
3.066777947940043103e-01
2.495247212768068878e-01
-1.605143496063993647e+00
-1.076463328138660636e+00
-2.014141367676212546e+00
1.217539339652414787e+00
-8.091992501225284684e-01
4.676524263675748139e-01
-4.426676355624087900e-01
-3.325232114358839808e-01
-7.183838289028784407e-01
-1.275382830108410803e-01
-7.279248658834518437e-01
1.546856786703354247e+00
-1.072571280057055709e+00
-1.837604809335703290e-02
-5.617225398731346964e-01
7.925432224844809470e-01
1.191222136125969389e+00
7.187768760472188490e-01
-9.427443278190508202e-01
1.231605670565136146e+00
3.768663369711133249e-01
-7.334182017731484537e-02
-1.752789269476673573e+00
2.647327930722808809e+00
-6.017023784967857891e-02
1.497202346814179741e+00
-8.122894541592681206e-01
-8.147494051074091193e-01
1.278038988395824305e+00
7.313952870454842881e-01
-3.540184338163415156e-01
-8.221191054955708788e-01
2.874864822676790777e+00
-1.234698324738951358e+00
1.683474572557575044e+00
-1.072807602758720780e+00
-1.025707925753266192e+00
-6.498595347453574034e-01
-2.753943591420117132e-01
1.270472557069856512e+00
5.826374484109183433e-02
-9.095828155700069750e-01
1.333612665839456701e+00
-2.674542042442270562e-01
-8.507107508592980372e-01
-2.514693514002364072e+00
4.174787661038607128e-02
8.853250482548372657e-01
-4.409341882919201594e-02
-1.142348645643558314e+00
2.959421023084349844e-01
-2.003878955585810251e-01
1.880283705527688032e-01
2.761343641844016261e-01
-1.828979659149065462e+00
8.838140911665548494e-01
7.861168782074989814e-02
-3.117396028594561774e-01
1.216262736742809020e-01
-4.392969487536940720e-01
-9.285558005233316425e-01
-1.198579434348886613e-01
9.147695589304113417e-01
6.440177957209707316e-01
8.247139671254160032e-01
-5.595475344017186714e-01
1.941997802535011808e-01
2.046985904623658814e-01
6.970603550740159249e-02
1.570227354356647620e+00
3.816708357464277390e-01
9.829867459265584362e-01
2.135284115283246631e-01
2.936179485813265599e-01
-9.275393268097961164e-01
-5.080095046542124626e-01
1.321767971802359609e+00
3.164973230491670564e-01
1.513453173083483927e+00
3.958967745905165869e-01
5.332829841195114717e-01
4.269881955976921328e-01
1.429113222998822152e+00
6.413683851784475198e-01
1.938149353474996617e-01
-1.267128804852729607e+00
-1.313894409714644995e+00
-4.285968865770934527e-02
1.879293043593942003e-01
1.501031298057350916e-01
-8.102971065674619000e-01
-1.253006206642345077e+00
-5.904247726915471395e-01
2.724107982481399071e-01
8.657677444909039899e-01
1.776973269366162622e+00
-2.931116999106398446e-01
-1.384863209472671219e-01
7.379622648319349443e-01
1.071750647263577244e-01
-2.165560475095493487e-01
-1.053904231594076757e+00
2.925653014894597170e+00
-1.595708234689441896e-01
5.644441047494778152e-01
-1.311163308343399336e+00
-3.789821455950864032e-02
-1.338933586633377804e+00
-1.494512440886094917e-01
1.513565322297962368e+00
-3.218613081313504987e-01
-9.647785699923970837e-01
1.021631498080982497e-01
-4.175901636206102996e-01
6.923534515189828653e-01
1.304924647892785838e+00
-1.248733688597744029e-01
6.557408789266635507e-01
1.908477758709814065e+00
4.162640229668483904e-01
-3.275081530299235322e-01
4.282935323657089399e-01
9.239300910309777848e-01
-1.891883026773818477e-01
6.091899302997474397e-01
-1.200388804002739881e-02
-4.086683406955885500e-01
-9.205659338851138740e-01
-1.827976272697379168e+00
3.786275073187490570e-01
-5.209019356325231970e-02
2.554008750905922831e-01
-1.404333558751050148e+00
8.204423791836921165e-01
-8.082458551884701414e-01
-3.130102839298604667e-01
-7.861168356505386923e-01
6.936111879309027339e-02
5.756127772399750597e-01
1.647945340496514088e+00
-8.140415175896971167e-01
3.974575561173289695e-01
-1.982854274885150758e-01
-4.950472215889449301e-01
-1.049829487003382855e+00
-5.681512512199159426e-01
1.064299826047868436e+00
7.653316796263655297e-02
-1.042389277576545981e+00
1.179744800859390041e+00
-1.419487962514979440e+00
1.374321824027496586e+00
-7.972428607304983261e-01
1.656538534257241624e+00
-3.331934406967288487e-01
-1.789587983145101147e-01
-1.125056681770975064e+00
-2.488008362956917463e-01
-1.837624852548810139e+00
8.445205932987441821e-01
-2.339331095010734607e-01
1.250969394904899445e+00
2.029304953998782024e-01
2.632659813325821108e-01
-3.667937770791649399e-01
4.682499632100247111e-01
1.235011722048299093e-01
-1.947642981806823048e+00
7.694691568626802480e-01
3.664777690721059966e-01
-4.861158285149524416e-01
-2.724612983242929332e+00
-1.016247162706143570e+00
1.638678844757195163e+00
5.860124344741869384e-01
-3.767738991175877961e-01
-3.666633779177450037e-01
1.997294443431044897e+00
-8.057736820532029887e-01
3.084488435241793391e-01
-1.094317877874265932e+00
5.726294260571292843e-02
-1.276547625522799212e-01
-5.630472010098300784e-01
-2.599506248757689764e-01
-3.581813120860444233e-01
1.977715880683564575e-01
-2.005750950057389570e+00
-1.094279855507659160e+00
-6.162790329020646773e-02
-1.096652423841377066e+00
-7.296558955528583690e-01
7.405565180291847627e-01
-1.177503321351081045e+00
-1.186535185274542714e+00
1.441952278650202868e-01
3.495964119603018339e-01
-6.941123055900715322e-01
-7.245338815315882641e-01
-1.767275433047167388e+00
2.556024751157380592e+00
1.729486724745971760e+00
4.785106567224892138e-01
1.770412718542500319e-01
-1.706677786239522154e-01
1.104560092624613299e+00
-5.527403730819799854e-01
-9.470491655437052181e-02
-6.161640467968044765e-01
2.583616137963512749e+00
-2.952551734947353457e-01
-5.788926873092823389e-01
5.438416160375636466e-01
-4.924140414909696228e-01
1.450456346715340850e+00
3.916892236612862788e-01
8.930709132640281267e-02
-7.964389024479501256e-01
1.305895028230563915e+00
-2.230385420105900907e-01
1.945406702876033567e+00
-1.679662684712507348e+00
1.217596424164637314e+00
4.031785767595141845e-01
-1.161828837417254290e+00
-8.195510536809340607e-01
7.236424354501361234e-02
-1.979592359815287139e+00
1.365194719643808563e+00
-2.700346985552885215e+00
9.232978298154027597e-01
3.760139426230258985e-01
-7.565427815505526565e-01
-4.995435929892542704e-01
5.496126906479946728e-01
1.058180952862014079e+00
-8.492029484425389629e-02
-5.743953520725438855e-01
5.092606329971292034e-01
-1.796355913507360902e-01
1.270371537598607714e-01
-1.410531706845095323e+00
-4.199943255350950533e-02
-2.181028353082242466e-01
8.790149799440192258e-01
2.496157309752366771e-01
1.305589016445750650e-01
6.206773970337705615e-01
5.236664879965303721e-01
-3.004283177963255058e-01
-9.750772172138598703e-01
-1.249736972220353959e+00
1.081861151619030403e+00
3.431255690305566319e-01
-1.586714697688628439e-01
-9.621678571978489192e-01
2.574433627930674540e-01
-2.145315304664050238e-01
4.633132578276696334e-01
-6.110704793393704204e-01
1.481391151079909818e+00
8.644681780603619137e-01
-6.653104336420508913e-01
6.599034086141144506e-01
6.969525265940288428e-01
-6.411596255788433174e-01
-3.420456393477390167e-01
4.035910014691704295e-01
1.463654242933087324e-01
-1.370898028193538343e+00
-4.614955117032623066e-01
-1.499032902359997088e+00
-1.036067762487195898e+00
-1.890914305385246852e+00
-3.614166811814632507e-01
-2.531451462078997405e-01
9.658927758847635214e-01
-4.275241506738567954e-01
7.420884456340918200e-01
7.381731259681613144e-01
4.911762612241225567e-01
1.728707609924047706e+00
-2.130486791331923424e+00
5.065421948355297577e-01
1.501257300579657006e+00
-1.000749642377798621e+00
5.505698924842314379e-02
1.422978479516230799e+00
-1.478418988011716895e+00
1.029333785763371090e+00
6.497753493016391602e-01
-7.008241060458260119e-01
-2.208491665112986002e+00
7.733373540660702927e-01
7.635290610144500612e-01
-8.665942333881778703e-01
-1.754135737736900680e+00
3.127962946294921553e-01
2.099332833938264198e+00
-7.931104726968840612e-02
1.210570210053596441e+00
-4.153854747607651499e-01
1.103787945235258805e+00
1.514001871540948008e+00
-1.023560933049083299e-01
1.489576196231412686e+00
-3.419571321524918217e-02
4.169385733975555230e-01
7.073256592698737855e-01
1.040812467360658466e+00
-2.172298308488562202e-01
-9.679105674108934299e-01
-1.123174805420309230e+00
1.964943101279089943e-01
-1.305130223576160819e+00
-1.185966705766933860e+00
9.218180293766193856e-01
6.537404288023290766e-01
1.041139961745317866e+00
-6.500510284240087477e-01
-8.611422585958009579e-01
-1.621487189507571758e+00
3.109779091027735087e-01
1.165422367313775132e+00
-9.748929575013400017e-02
-4.809993589243598544e-01
1.817561222579541669e+00
-2.192265312104054953e+00
-1.507840588460623854e+00
1.632765524071140284e+00
6.587546813220812592e-01
1.803539000629585110e-01
2.039862969563055461e-01
4.237528984334790194e-01
-4.038003484291409761e-01
3.332915827051873281e-01
1.206493167696696567e+00
2.020777221588650752e-01
-3.593287288863594164e-01
-8.626360210532166839e-01
2.051539548614342845e+00
8.173357075003524486e-01
2.134474899792810632e-01
-5.296713821023216751e-01
7.331086364711018044e-01
-6.887795951935304917e-01
5.397579282903548492e-01
8.365328977315713566e-01
-2.674107966640280054e-01
-1.751037970773137165e+00
-3.529292176806263504e-01
1.070958111141259161e+00
1.184036552559234595e-02
6.508868173685432579e-01
6.110481720708192954e-01
3.407721160861379994e-01
-4.879824386544351911e-01
-6.475170460029170405e-01
-8.193180255351003582e-01
-7.626250311882667443e-01
6.210950442035091390e-01
-3.699833033553656114e-01
-9.912359154499066349e-01
-1.719751978532977121e+00
3.220340317679323827e-01
-1.029348763811755330e+00
-7.450295434415312723e-01
1.037623318308068088e+00
6.306335180648826866e-02
8.545817550186333156e-01
1.714077073222071368e+00
-4.130947222781402965e-03
5.019278290943811616e-01
1.497408040202260204e-01
-1.870230201017618887e-01
1.517202691079137633e+00
-1.046430687768188372e+00
-7.653201997583240074e-03
-4.457977194605006743e-01
5.864025446035792122e-01
-4.691159436307409947e-01
-7.443895690828842282e-01
6.621821816378995473e-01
6.162580494151756461e-02
1.188774737628527436e-02
-1.557561029432593003e+00
-2.841531831378187878e-01
-3.768776846213197640e-01
7.442318201748285844e-01
-8.124295414938537130e-01
-9.550841632631640321e-01
-1.619188181699743101e+00
1.508403960057275520e-02
6.972700750326666919e-01
-1.432023404904407549e-01
-5.503591172016905064e-01
-2.305140381843040487e+00
-1.498530224691273727e+00
1.987531282844903768e-01
1.442498448220378648e+00
-1.106479537907790078e+00
1.330688384287700421e+00
6.678705342313009385e-01
-8.616324144434709398e-01
-8.236495831224605046e-01
4.179302641887677749e-01
1.328281453665747458e+00
3.985191924811808950e-01
-1.002444304761270555e+00
-2.186536462549142079e-02
-1.544364096394029717e+00
1.067880980654886125e+00
4.311492449177521391e-01
7.813655824865362032e-02
8.304244472058476267e-01
-1.092337704195069037e+00
1.567643189182729158e+00
-4.685604108436888238e-01
-1.740913769604685024e+00
2.283412915059425952e-01
1.460178836717670237e+00
4.749155006562025827e-01
1.285906792094229756e+00
1.657342233194024406e+00
3.842063688479429029e-01
3.134654099467226174e-01
5.631917574806404314e-01
-4.508985120039893935e-01
2.774171176757546653e-01
3.962803461891363233e-01
-1.125134392744424172e+00
-5.605473239735927482e-01
-6.704379590420170287e-02
2.963984330080922901e-03
1.446509890702621259e+00
-8.346801936567358471e-01
8.414956432005031850e-01
1.006082996438499411e+00
-2.084080238446111011e-01
6.385633784439110894e-01
1.666933276895975924e+00
7.210160270482349754e-01
-1.646994428451356227e-02
1.445174644688340670e+00
-1.038310484899000130e+00
1.928223222483427701e+00
1.213514389137098748e+00
2.662546486253726807e-01
-1.219913001043307466e+00
1.918091392878926271e+00
1.228731611119727063e+00
-1.429762193016855254e-01
3.115286249763532300e+00
-4.967987472240652513e-01
-1.292644291440928406e+00
-7.858033851664371072e-01
2.520675058169974947e-01
-2.455792762567828025e-01
4.908198451894223852e-02
-1.182307598308659058e+00
1.499209469276091777e+00
-1.987540733396822912e+00
-1.446621184988252651e-01
-1.666864936088238158e+00
-4.095114311991949752e-01
2.235512179716493252e-03
-3.388720774780712430e-01
2.072753510792855192e+00
8.394218608808995397e-01
-6.739355381180217597e-01
-1.652633891444941661e+00
-7.030660890444039302e-01
3.461354393600483137e-01
-3.856862847825270335e-01
1.448967845981339098e+00
-5.455178560902284035e-01
-6.633625855117512016e-01
-3.452172222446910355e-01
-1.336784894666649404e+00
3.752732434098881575e-01
-1.511930501502090296e+00
1.985918059431315552e-01
-2.025337793838872524e-01
-3.299795221884520569e-01
7.697667038151996266e-01
1.297749558497383271e+00
2.878067004865876299e-01
-3.000870009111737402e-01
8.833158633665729731e-01
1.056826863094908031e+00
-8.416573702332462714e-01
-1.176058850792243593e+00
-1.456906167348589909e+00
-6.151035585915740622e-01
5.622244578615731569e-01
2.731821925960274289e+00
4.787545352257517872e-01
-2.831082132035893650e-01
-5.434022310903777742e-01
-4.957588389640644189e-01
-9.450218658389452075e-01
-8.907788036393833597e-02
-1.916564780083362951e-01
1.359451054574622564e+00
6.715570494596795337e-01
-4.699303198707565632e-01
-1.606293355755099295e-01
-5.499806219580987143e-01
1.210333529993937951e+00
-4.224454902786046184e-01
-3.881134545414637871e-01
-1.231844890189578212e+00
1.597035541582141338e+00
6.005970588443386715e-01
-6.747732699462796191e-01
-1.179204892633098689e+00
-5.344247544948367290e-01
-1.877506570573302946e+00
-5.694534512956335170e-01
-1.537721670329635471e+00
-1.524192295748737491e+00
-1.282957293708640867e-01
-2.353766896684186538e-01
3.641244725952749728e-01
1.055332689324740419e-01
-7.366892756087008165e-02
4.766062879787408280e-01
1.183540358163825273e-01
8.752287997140416609e-01
-7.213491719592327600e-01
-9.045664264740160831e-01
9.426657985752490143e-01
-1.518342701025733543e+00
6.410644426275938779e-01
4.399028275611117089e-01
-1.078058744901062016e-01
-3.008227653382749556e-01
-1.011448057257614996e+00
-1.601240280255375570e+00
-2.162157121399407300e-01
7.340532858677946138e-01
-3.048667026169965544e-01
-7.252891166194179728e-01
9.942282530880981462e-01
1.867874439463774738e-01
-5.731323880948515637e-01
6.349685248815438721e-01
-2.016452445829474360e+00
6.570202048872975098e-01
-1.142227991207758420e+00
-5.378166484733422070e-01
5.429964903514915286e-02
-9.565182370917166832e-01
5.519774916728570346e-01
1.089127654561807601e+00
-2.501142434494068478e+00
3.243514719556575554e-01
7.498867869023573274e-01
7.762018406798296688e-01
-1.691740399069991518e+00
-5.580604390787693436e-01
-2.806246812581033367e+00
-1.229280771847885756e+00
1.978921326898614330e+00
-1.413267078417670408e+00
-4.353753465125915767e-01
3.483936937205406141e-03
-1.066133165041931896e+00
1.263656749142547629e-02
1.145301410542218346e+00
5.744732255244086039e-01
-5.482506660454383729e-01
6.722603974010074590e-02
3.250140655488306749e-03
6.294204816263967439e-01
-4.176331791619003475e-02
1.446117505776650658e+00
-7.158991156294536307e-01
7.780718738160338210e-01
3.571200543438110553e-01
-5.717894526383824338e-01
-8.572613986433286204e-01
5.834169604264449055e-02
7.040474116709739549e-01
-8.750172780341248790e-01
-5.528320605521901410e-01
-1.560599703131770655e+00
-2.595439576650138691e-01
-6.674612717731661649e-01
6.019859390843099733e-01
2.853682947033298611e-01
4.255587201561361610e-01
3.322685172483393901e-01
-2.003307929422083244e+00
-8.757381883622440411e-01
-1.641488004618972596e+00
-1.506858740550934606e+00
-5.422067367306824259e-01
1.380170012505898658e+00
-1.022193579458674506e+00
-1.891798363764563673e+00
-1.260134227958573105e-01
-2.212209747799608883e-01
8.867080864372078874e-02
-6.255203658638369690e-01
-1.440198520980441765e+00
-1.385821226875758372e+00
1.842145531363824640e+00
-2.423034815774172124e+00
1.225505006177532330e+00
-1.471079424874268904e+00
1.072905021851438212e+00
8.798130143678377646e-01
-2.252420624389478432e-01
-2.359348957569749938e+00
-1.771419043390505266e+00
3.784831154994462432e-01
6.751584028266155446e-01
-1.134188768009464665e+00
8.254094813574816003e-01
-8.557689571663941175e-01
2.565022103728452629e-01
-1.173792574642986475e+00
-1.834707398036690140e+00
5.458178767264275644e-01
-2.334093453679486063e-01
4.803131756696128463e-01
-8.818845143127287400e-01
-1.098700838581105232e+00
3.385259291920834634e-01
-2.738235144174912539e-01
-1.017425719369809411e-01
-7.618117650989773004e-01
7.295766883400282010e-01
-1.456398895816415573e+00
5.889788869260929038e-01
-5.753219924961039400e-01
8.607226349983797542e-01
-7.031705428020647020e-01
-1.525762417372686031e+00
4.738689930175898901e-01
-1.111377693464974836e+00
-2.155506798384108080e+00
5.942537706124715324e-01
-1.167223673827335606e+00
6.991998436392554694e-01
1.134891036837509137e+00
1.628106072596197773e+00
1.772663521930198938e+00
-3.573833430087006158e-01
2.314835030604128763e-01
2.291768702085345277e-01
-1.898429729289430101e+00
9.357457414586790589e-01
2.433363350592072094e-01
-3.593292265133496977e-01
-4.105978991694377855e-01
-1.739365147810580103e-02
-5.336128662757003704e-01
1.170987937047111571e-01
1.186566511481313313e+00
1.048648541315550631e+00
9.078878405605039781e-01
2.127664413299923840e+00
1.595115836095666761e+00
1.983364698224839406e+00
1.559378699596372764e+00
8.436801557541935281e-01
-9.195906910248312638e-01
-6.645817573706683801e-01
-8.421316766097903805e-01
-1.159621707438967947e-01
-5.009610327389042439e-01
1.060871984862136852e+00
2.864646647485217024e+00
1.293520135278303007e+00
3.313602588769737345e-01
4.015404924819507282e-01
-8.476423844245797312e-01
-1.028151594200763297e+00
1.729328754915221200e+00
5.956152190420204162e-01
3.477479367464196836e-01
6.809157449257108308e-02
-1.468628894486553760e+00
3.390138701340508209e-01
1.846997754748856524e+00
-1.306179454778381599e+00
4.279660567933506465e-01
5.556526467529430136e-01
9.189697652910611136e-01
4.814401432408599649e-03
-3.819906134437030532e-01
-5.115362473595930215e-01
8.245693077513828462e-02
-1.060397965018172073e+00
-2.137721938926566700e+00
-1.203593849178690306e-01
1.942067866992258196e+00
-4.653167214254946837e-01
2.503010724574500356e-01
-6.867037487250516881e-01
3.770135722515712828e-01
3.860261480685733826e-01
-5.699565683099089286e-02
-9.909210743407498301e-01
8.481473145968270178e-01
1.115083640349833649e+00
-6.055342289425447166e-01
1.374656118366545554e+00
-1.639942354185980611e-01
-1.011206658391662794e+00
-6.311399851053828280e-01
-1.328643504041929491e-01
-4.704089779888141476e-01
-8.247541671809425212e-01
1.105918561324527261e+00
-1.781031310014800917e-01
5.210189057147426306e-01
1.611664705184742419e-01
2.446557241666126092e+00
6.082384303723622487e-01
-1.034539060213847561e+00
9.756502378242730700e-01
6.020943374665750358e-01
-4.663309541027170213e-01
1.555942646211256886e-01
1.270006800376036749e-01
8.795997155255988464e-02
-4.580018329041509739e-01
1.305973745869338717e-02
-1.482029741813573054e-01
1.166194622276784054e+00
9.756927434138099597e-01
2.537808362112347615e-01
5.461202878303498265e-01
1.952335301518951738e+00
-7.666185176067077389e-01
-1.056734553159572654e+00
-1.474866061076897106e+00
-1.975416723466128233e-01
-8.966751282381305588e-01
1.192588540084277976e-02
5.540258184820190390e-01
-2.283628605014722535e+00
4.037086018309580804e-01
-1.110921626352543212e+00
1.150252248345293937e+00
6.445172363425329953e-01
1.343477497336761584e+00
5.662233332093775662e-01
1.350598180635706358e+00
9.638073750296908271e-01
-9.746477480836851504e-01
5.412208230751727189e-01
1.447998067183007935e-02
8.126435879935581807e-01
-5.937039878786143365e-01
1.096801527593891518e-01
-1.024513669402889571e+00
9.584950351798869894e-01
1.008138974835605106e+00
-8.608579818362248615e-01
-4.110947047789169639e-01
-1.356372751104520935e+00
-1.234154948145297803e+00
6.014433503208023168e-01
-7.630104116021728666e-01
3.142411092479882595e-01
-4.577028410278349141e-02
6.239616163964307738e-01
1.357380566985641801e+00
-1.869343509395042513e-01
-1.669826317250157510e+00
5.804224496472103478e-01
-4.642413893706345274e-01
8.975615821399597349e-01
4.143296038399150727e-01
1.073089331635307175e+00
-1.690730059731024582e-01
1.798241513834067495e+00
1.050857900413825430e+00
-1.825763394951741114e+00
-2.575511912506662227e-01
-2.438574040269928522e-01
3.855336846337698020e-01
3.501607473461762488e-01
-7.101719465008888843e-01
-1.288122045864332488e-01
1.406666141456320573e-01
-1.148221326261402053e+00
1.069153503938619298e+00
-7.203230346368642012e-01
-7.482369625449107886e-01
1.370317914695895034e+00
-1.103094327569017929e+00
-3.508535478656876760e-01
9.788608914009041539e-01
4.877017992290871851e-01
-5.173269494508391242e-01
7.366186950934366928e-01
3.653835054845081531e-01
8.313879500927987554e-01
-7.421642226523006425e-01
5.249755775786515422e-01
7.526866456316857468e-01
-1.260618557798277140e+00
9.830290198307553018e-01
2.510519020252360844e-01
-1.918032226105963467e+00
5.673016177461297493e-01
4.815666743796608862e-01
2.049953533112773396e+00
-1.238432757697041087e-01
2.745376573193784253e+00
-6.742449404019058568e-01
-7.544389005686639171e-01
-1.253480524446730637e+00
1.831147673192937975e-01
-5.437964215882049590e-01
-4.060553362252571352e-01
-7.358291501951150781e-01
-7.644243912728182488e-01
1.563663024907569810e+00
-1.927463953690281007e-01
1.468406660266842412e+00
9.353405196973895164e-01
-1.056075446665595274e+00
-4.425822245904314500e-01
1.598344961549254539e-01
1.717481341861952227e-01
1.522775911875547949e+00
5.946692887889403201e-01
1.617834875245339532e+00
1.251327574322211200e+00
-3.239220537061314187e-01
-9.167537708670152607e-01
4.916015214371292075e-01
1.189168714662011406e-01
-2.666397105726349692e-01
8.523802923473006166e-01
-9.279517255780179719e-01
1.426564711624235260e+00
-3.253724198489100772e-01
2.691328842008281708e+00
